Bought: 0.5939314460567704 @ 16836.96Sold: 0.5939314460567704 @ 16832.06PNL : -4.899999999997817
Portfolio Value: 9995.100000000002
Bought: 0.5937391589482339 @ 16834.16Sold: 0.5937391589482339 @ 16831.74PNL : -2.4199999999982538
Portfolio Value: 9992.680000000004
Bought: 0.5936595862488522 @ 16832.34